<svg xmlns="http://www.w3.org/2000/svg" width="24" height="24" viewBox="0 0 24 24" style="fill: rgba(0, 0, 0, 1);transform: ;msFilter:;"><path d="m11.293 17.293 1.414 1.414L19.414 12l-6.707-6.707-1.414 1.414L15.586 11H6v2h9.586z"></path></svg>
<?xml version="1.0" standalone="no"?>
<!DOCTYPE svg PUBLIC "-//W3C//DTD SVG 20010904//EN"
 "http://www.w3.org/TR/2001/REC-SVG-20010904/DTD/svg10.dtd">
<svg version="1.0" xmlns="http://www.w3.org/2000/svg"
 width="50.000000pt" height="50.000000pt" viewBox="0 0 50.000000 50.000000"
 preserveAspectRatio="xMidYMid meet">

<g transform="translate(0.000000,50.000000) scale(0.100000,-0.100000)"
fill="#000000" stroke="none">
<path d="M150 391 l0 -40 -52 -3 -53 -3 0 -95 0 -95 53 -3 52 -3 0 -40 c0 -26
5 -42 15 -45 8 -3 77 -2 152 2 l138 9 3 38 3 37 -80 0 -81 0 0 94 0 95 -27 4
-28 4 28 2 c25 1 27 4 27 41 l0 40 -75 0 -75 0 0 -39z m-11 -108 c9 -17 10
-17 16 0 4 9 13 17 21 17 11 0 11 -5 2 -25 -8 -19 -8 -31 0 -50 9 -20 9 -25
-2 -25 -8 0 -17 8 -21 18 -6 16 -7 16 -16 0 -6 -10 -17 -18 -26 -18 -14 0 -13
3 2 26 15 23 15 27 0 50 -13 21 -13 24 -1 24 8 0 19 -8 25 -17z"/>
<path d="M310 205 l0 -45 70 0 70 0 0 45 0 45 -70 0 -70 0 0 -45z"/>
</g>
</svg>

<svg xmlns="http://www.w3.org/2000/svg" width="24" height="24" viewBox="0 0 24 24" style="fill:#fff;transform: ;msFilter:;"><path d="M21.593 7.203a2.506 2.506 0 0 0-1.762-1.766C18.265 5.007 12 5 12 5s-6.264-.007-7.831.404a2.56 2.56 0 0 0-1.766 1.778c-.413 1.566-.417 4.814-.417 4.814s-.004 3.264.406 4.814c.23.857.905 1.534 1.763 1.765 1.582.43 7.83.437 7.83.437s6.265.007 7.831-.403a2.515 2.515 0 0 0 1.767-1.763c.414-1.565.417-4.812.417-4.812s.02-3.265-.407-4.831zM9.996 15.005l.005-6 5.207 3.005-5.212 2.995z"></path></svg>
<svg xmlns="http://www.w3.org/2000/svg" width="24" height="24" viewBox="0 0 24 24" style="fill:#fff;transform: ;msFilter:;"><path d="m6.293 13.293 1.414 1.414L12 10.414l4.293 4.293 1.414-1.414L12 7.586z"></path></svg>
<svg xmlns="http://www.w3.org/2000/svg" width="24" height="24" viewBox="0 0 24 24" style="fill:#fff;transform: ;msFilter:;"><path d="M9.172 16.242 12 13.414l2.828 2.828 1.414-1.414L13.414 12l2.828-2.828-1.414-1.414L12 10.586 9.172 7.758 7.758 9.172 10.586 12l-2.828 2.828z"></path><path d="M12 22c5.514 0 10-4.486 10-10S17.514 2 12 2 2 6.486 2 12s4.486 10 10 10zm0-18c4.411 0 8 3.589 8 8s-3.589 8-8 8-8-3.589-8-8 3.589-8 8-8z"></path></svg> 
<?xml version="1.0" standalone="no"?>
<!DOCTYPE svg PUBLIC "-//W3C//DTD SVG 20010904//EN"
 "http://www.w3.org/TR/2001/REC-SVG-20010904/DTD/svg10.dtd">
<svg version="1.0" xmlns="http://www.w3.org/2000/svg"
 width="512.000000pt" height="512.000000pt" viewBox="0 0 512.000000 512.000000"
 preserveAspectRatio="xMidYMid meet">

<g transform="translate(0.000000,512.000000) scale(0.100000,-0.100000)"
fill="#000000" stroke="none">
<path d="M650 5111 c-74 -23 -127 -69 -159 -141 -18 -39 -21 -66 -21 -206 0
-155 1 -161 23 -182 33 -31 80 -29 106 4 19 24 21 40 21 175 0 142 1 149 24
176 l24 28 1874 3 c1397 2 1880 -1 1901 -9 56 -23 57 -33 57 -449 l0 -380
-1940 0 -1940 0 0 95 c0 88 -2 98 -25 120 -13 14 -36 25 -50 25 -14 0 -37 -11
-50 -25 l-25 -24 0 -2063 c0 -2054 1 -2063 21 -2108 25 -55 62 -95 114 -123
l40 -22 1915 0 1915 0 40 22 c52 28 89 68 114 123 20 45 21 52 21 2410 0 2358
-1 2365 -21 2410 -25 55 -62 95 -114 123 l-40 22 -1900 2 c-1045 1 -1911 -2
-1925 -6z m3758 -1137 l92 -7 0 -1876 c0 -2052 4 -1904 -57 -1930 -21 -8 -507
-11 -1901 -9 l-1874 3 -24 28 -24 28 0 1885 0 1884 1848 0 c1017 0 1890 -3
1940 -6z"/>
<path d="M2345 3594 c-252 -45 -463 -154 -651 -336 -252 -244 -378 -541 -378
-893 0 -340 114 -621 351 -866 243 -251 545 -379 893 -379 342 0 644 126 882
367 182 185 289 383 344 638 24 112 24 370 0 480 -57 263 -173 472 -360 653
-191 185 -402 292 -660 337 -110 19 -313 18 -421 -1z m391 -524 c259 -66 461
-267 531 -530 23 -87 23 -262 0 -350 -69 -263 -274 -466 -536 -531 -70 -18
-105 -21 -200 -17 -202 9 -344 71 -486 213 -89 90 -146 185 -186 315 -34 107
-34 283 0 390 81 260 270 445 521 510 103 26 252 26 356 0z"/>
<path d="M1204 1159 c-173 -17 -354 -103 -354 -169 0 -10 9 -29 21 -44 27 -34
60 -34 140 4 94 43 172 61 276 61 105 0 190 -19 274 -62 32 -16 72 -29 89 -29
58 0 90 67 56 116 -20 28 -137 80 -232 103 -96 23 -176 29 -270 20z"/>
<path d="M3370 1089 c-52 -16 -100 -56 -121 -103 -16 -36 -19 -68 -19 -280 0
-225 1 -242 21 -284 15 -29 37 -54 67 -73 45 -28 49 -29 184 -29 125 0 140 2
158 20 25 25 26 71 1 101 -18 22 -27 24 -138 27 -65 2 -124 8 -130 14 -10 8
-13 64 -13 218 0 115 3 215 6 224 5 14 50 16 395 16 374 0 389 -1 399 -19 13
-26 13 -406 0 -432 -10 -17 -22 -19 -126 -19 -115 0 -116 0 -146 -30 -24 -25
-29 -36 -23 -58 14 -58 26 -62 172 -62 152 0 182 8 230 63 50 57 55 88 51 342
-4 268 -9 288 -93 340 l-48 30 -396 2 c-246 1 -409 -2 -431 -8z"/>
<path d="M1229 850 c-118 -20 -168 -88 -111 -152 18 -21 48 -22 117 -4 33 9
61 10 85 4 89 -22 100 -22 125 2 28 27 32 65 10 97 -29 41 -141 67 -226 53z"/>
<path d="M1243 506 c-29 -13 -63 -59 -63 -86 0 -27 33 -78 56 -89 44 -20 83
-13 115 18 39 40 40 89 2 130 -34 37 -68 45 -110 27z"/>
<path d="M1020 4798 c-31 -17 -51 -36 -68 -68 -22 -43 -23 -53 -20 -196 3
-147 4 -151 31 -187 53 -70 22 -67 677 -67 655 0 624 -3 677 67 27 36 28 40
31 187 3 142 2 154 -20 196 -17 32 -36 51 -68 68 l-44 22 -576 0 -576 0 -44
-22z m1078 -134 l92 -7 0 -113 0 -114 -550 0 -550 0 0 120 0 120 458 0 c253 0
500 -3 550 -6z"/>
<path d="M2711 4779 c-102 -31 -171 -123 -171 -228 0 -103 45 -176 135 -217
123 -58 270 -1 323 126 23 57 13 157 -23 215 -52 84 -173 131 -264 104z"/>
<path d="M3292 4776 c-59 -19 -107 -58 -139 -113 -36 -61 -38 -157 -6 -219 67
-127 221 -172 340 -98 123 76 149 245 56 354 -63 74 -164 104 -251 76z"/>
<path d="M3895 4781 c-157 -39 -233 -221 -149 -358 76 -123 251 -150 355 -56
77 70 102 153 75 248 -35 120 -162 195 -281 166z"/>
</g>
</svg>

<svg xmlns="http://www.w3.org/2000/svg" width="24" height="24" viewBox="0 0 24 24" style="fill:#2091F9;transform: ;msFilter:;"><path d="M8.293 6.293 2.586 12l5.707 5.707 1.414-1.414L5.414 12l4.293-4.293zm7.414 11.414L21.414 12l-5.707-5.707-1.414 1.414L18.586 12l-4.293 4.293z"></path></svg>
<svg xmlns="http://www.w3.org/2000/svg" width="24" height="24" viewBox="0 0 24 24" style="fill:#fff;transform: ;msFilter:;"><path d="M13.397 20.997v-8.196h2.765l.411-3.209h-3.176V7.548c0-.926.258-1.56 1.587-1.56h1.684V3.127A22.336 22.336 0 0 0 14.201 3c-2.444 0-4.122 1.492-4.122 4.231v2.355H7.332v3.209h2.753v8.202h3.312z"></path></svg>
<svg xmlns="http://www.w3.org/2000/svg" width="24" height="24" viewBox="0 0 24 24" style="fill:#2091F9;transform: ;msFilter:;"><path d="M10 3H4a1 1 0 0 0-1 1v6a1 1 0 0 0 1 1h6a1 1 0 0 0 1-1V4a1 1 0 0 0-1-1zM9 9H5V5h4v4zm11-6h-6a1 1 0 0 0-1 1v6a1 1 0 0 0 1 1h6a1 1 0 0 0 1-1V4a1 1 0 0 0-1-1zm-1 6h-4V5h4v4zm-9 4H4a1 1 0 0 0-1 1v6a1 1 0 0 0 1 1h6a1 1 0 0 0 1-1v-6a1 1 0 0 0-1-1zm-1 6H5v-4h4v4zm8-6c-2.206 0-4 1.794-4 4s1.794 4 4 4 4-1.794 4-4-1.794-4-4-4zm0 6c-1.103 0-2-.897-2-2s.897-2 2-2 2 .897 2 2-.897 2-2 2z"></path></svg>
<svg xmlns="http://www.w3.org/2000/svg" width="24" height="24" viewBox="0 0 24 24" style="fill: rgba(0, 0, 0, 1);transform: ;msFilter:;"><path d="M12.707 17.293 8.414 13H18v-2H8.414l4.293-4.293-1.414-1.414L4.586 12l6.707 6.707z"></path></svg>
<?xml version="1.0" standalone="no"?>
<!DOCTYPE svg PUBLIC "-//W3C//DTD SVG 20010904//EN"
 "http://www.w3.org/TR/2001/REC-SVG-20010904/DTD/svg10.dtd">
<svg version="1.0" xmlns="http://www.w3.org/2000/svg"
 width="500.000000pt" height="500.000000pt" viewBox="0 0 500.000000 500.000000"
 preserveAspectRatio="xMidYMid meet">

<g transform="translate(0.000000,500.000000) scale(0.100000,-0.100000)"
fill="#000000" stroke="none">
<path d="M4254 4439 c-3 -6 -15 -9 -25 -6 -21 6 -69 -13 -69 -26 0 -5 -5 -5
-12 -1 -7 5 -8 3 -3 -6 6 -10 4 -12 -11 -6 -15 6 -16 5 -7 -5 9 -9 16 -9 26
-1 8 7 18 8 22 4 5 -4 5 -2 1 5 -6 12 -1 13 56 14 16 1 26 5 23 9 -6 9 87 6
103 -4 7 -4 12 -3 12 3 0 5 19 -1 43 -14 42 -24 43 -24 44 -4 1 12 0 19 -3 16
-3 -3 -22 2 -42 10 -43 19 -149 26 -158 12z"/>
<path d="M4472 4385 c2 -12 11 -19 21 -19 15 2 16 -1 5 -14 -8 -10 -8 -13 -1
-9 7 4 15 -5 22 -24 6 -17 15 -28 20 -25 5 4 12 2 16 -4 3 -5 1 -10 -5 -10 -8
0 -7 -6 1 -21 8 -16 13 -18 19 -9 11 17 2 40 -27 67 -13 12 -23 28 -23 36 0
15 -30 46 -30 31 0 -5 -5 -2 -11 6 -8 12 -9 11 -7 -5z"/>
<path d="M4080 4363 c-12 -16 -24 -27 -26 -25 -2 1 -4 0 -4 -3 0 -3 0 -7 0
-10 0 -3 14 1 30 10 17 9 30 20 30 26 0 6 6 7 13 3 8 -5 8 -2 -2 9 -17 22 -16
22 -41 -10z"/>
<path d="M4255 4281 c-11 -5 -23 -7 -26 -5 -4 2 -14 -5 -24 -16 -10 -11 -24
-20 -31 -20 -7 0 -16 -9 -19 -20 -6 -20 -7 -20 -37 -3 -17 10 -35 28 -40 40
-6 12 -19 21 -29 20 -26 -2 -24 -11 6 -27 13 -7 22 -17 19 -21 -4 -8 13 -23
31 -25 6 0 16 -2 23 -2 8 -1 10 -7 6 -14 -4 -7 7 -2 24 11 18 12 32 27 32 32
0 5 6 8 13 7 6 -2 11 3 9 11 -3 12 0 12 12 2 13 -11 17 -11 22 2 6 17 104 19
116 2 5 -6 8 -6 8 1 0 6 -7 17 -15 24 -12 10 -15 10 -15 -1 0 -11 -2 -11 -10
1 -8 12 -11 13 -19 1 -6 -9 -11 -10 -15 -2 -8 13 -13 13 -41 2z"/>
<path d="M4380 4261 c0 -5 5 -13 10 -16 6 -3 10 -2 10 4 0 5 -4 13 -10 16 -5
3 -10 2 -10 -4z"/>
<path d="M4401 4223 c-1 -6 4 -15 9 -18 6 -4 8 -11 5 -16 -4 -5 1 -12 9 -15 9
-3 16 -10 16 -16 0 -5 -5 -6 -11 -3 -7 5 -9 -3 -6 -25 4 -21 1 -33 -9 -37 -8
-3 -14 -9 -14 -15 0 -5 -7 -16 -15 -24 -9 -9 -15 -11 -15 -4 0 7 -8 5 -22 -4
-12 -9 -37 -16 -55 -16 -18 0 -33 -5 -33 -10 0 -15 27 -23 42 -13 7 4 22 8 33
8 12 0 19 6 17 14 -2 8 3 11 12 8 17 -7 69 30 60 44 -3 5 2 12 10 15 19 7 21
34 4 34 -9 0 -9 3 1 9 9 6 11 15 6 27 -10 22 -12 30 -14 45 0 5 -5 8 -10 5 -5
-4 -12 0 -14 6 -4 9 -6 10 -6 1z"/>
<path d="M4574 4203 c2 -9 9 -19 17 -21 11 -3 11 -1 -1 7 -11 8 -12 11 -2 11
7 0 10 5 7 10 -10 16 -23 12 -21 -7z"/>
<path d="M4590 4149 c11 -7 12 -12 3 -15 -7 -3 -9 -12 -6 -20 3 -8 0 -21 -7
-29 -10 -12 -9 -15 4 -15 9 0 16 3 17 8 0 4 2 24 4 45 3 30 1 37 -13 37 -15 0
-15 -2 -2 -11z"/>
<path d="M4550 4028 c-10 -17 -17 -35 -14 -40 3 -4 0 -8 -7 -8 -17 0 -79 -57
-71 -66 4 -4 0 -5 -10 -1 -9 3 -19 3 -22 -1 -9 -8 -28 -11 -114 -19 -45 -4
-68 -9 -60 -14 9 -6 6 -9 -9 -9 -13 0 -23 3 -23 8 0 4 -16 8 -35 8 -23 1 -35
-3 -35 -12 0 -20 33 -25 101 -15 34 6 65 8 70 6 4 -3 10 -1 13 3 3 5 17 8 31
7 14 -2 25 1 25 6 0 5 3 8 8 7 4 0 14 1 22 5 8 3 28 8 44 12 23 5 27 8 15 16
-14 9 -13 9 24 13 6 0 12 8 12 16 1 8 6 14 13 13 11 -3 13 3 11 23 0 4 10 12
22 18 22 11 37 56 19 56 -6 0 -19 -14 -30 -32z m25 -9 c-4 -5 -12 -9 -18 -8
-9 0 -8 2 1 6 6 2 9 10 6 15 -4 7 -2 8 5 4 6 -4 9 -12 6 -17z m-368 -155 c-3
-3 -12 -4 -19 -1 -8 3 -5 6 6 6 11 1 17 -2 13 -5z"/>
<path d="M4070 4012 c0 -7 -4 -11 -9 -8 -5 4 -12 0 -14 -6 -4 -10 -6 -10 -6 0
-1 6 -6 12 -12 12 -5 0 -7 -4 -4 -10 3 -6 -1 -7 -9 -4 -9 3 -16 2 -16 -3 0
-19 13 -21 48 -9 21 7 43 11 51 8 8 -3 11 0 7 7 -5 7 -1 9 10 4 12 -4 15 -2
12 8 -6 18 -58 20 -58 1z"/>
<path d="M4136 4015 c4 -8 10 -12 15 -9 14 8 10 24 -6 24 -9 0 -12 -6 -9 -15z"/>
<path d="M4166 4013 c-4 -9 1 -12 19 -9 13 2 26 -1 29 -7 2 -7 5 -4 5 6 1 9 6
17 11 17 6 0 9 -5 8 -11 -2 -6 4 -14 12 -16 12 -4 12 -3 2 5 -8 5 -12 13 -10
18 1 5 -14 9 -34 10 -23 1 -39 -4 -42 -13z"/>
<path d="M3961 3969 c-12 -13 -21 -27 -21 -31 0 -5 -4 -7 -9 -3 -5 3 -13 0
-17 -7 -4 -7 -4 -10 1 -6 4 4 15 2 23 -5 13 -9 14 -9 8 1 -4 6 -2 12 3 12 6 0
10 6 9 13 -2 6 3 11 10 9 7 -1 15 5 19 13 9 26 -4 28 -26 4z"/>
<path d="M1667 3956 c-55 -20 -117 -63 -157 -109 -51 -59 -59 -76 -19 -46 95
72 178 91 280 64 106 -29 126 -30 139 -6 14 27 7 51 -25 81 -21 19 -38 24
-102 27 -51 2 -91 -2 -116 -11z"/>
<path d="M3891 3891 c-8 -10 -12 -21 -10 -24 2 -3 -6 -17 -19 -30 -26 -27 -27
-68 -2 -74 13 -4 13 -3 0 6 -10 7 -11 11 -2 11 6 0 12 7 12 16 0 8 -4 12 -10
9 -5 -3 -10 -2 -10 3 0 5 9 12 21 15 12 3 18 10 14 16 -3 6 -1 11 5 11 7 0 10
7 6 15 -3 8 -2 14 2 12 4 -1 8 2 9 7 1 5 7 13 15 17 10 7 10 9 -2 9 -9 0 -22
-9 -29 -19z"/>
<path d="M4120 3881 c0 -5 -10 -7 -22 -3 -16 4 -20 2 -16 -10 4 -8 2 -21 -3
-29 -7 -12 -9 -12 -9 0 0 11 -4 10 -14 -4 -8 -11 -12 -25 -9 -32 3 -7 1 -13
-5 -13 -5 0 -16 -14 -23 -32 -13 -31 -43 -68 -55 -68 -3 0 -2 5 2 12 5 7 2 9
-8 5 -9 -3 -23 2 -33 13 -10 11 -24 16 -33 13 -10 -4 -13 -2 -8 5 4 7 1 12 -8
12 -14 0 -14 -3 -4 -20 13 -20 16 -22 41 -24 6 -1 18 -7 25 -13 16 -15 52 -17
52 -4 0 5 9 13 21 16 13 4 18 12 15 21 -3 9 -1 12 4 9 6 -3 11 0 12 7 0 7 2
18 2 23 1 6 11 23 23 38 12 16 23 33 25 38 2 6 12 11 23 13 21 3 35 36 16 36
-6 0 -11 -4 -11 -9z"/>
<path d="M3260 3821 c-22 -42 -12 -73 39 -122 57 -55 122 -79 211 -79 52 0
156 23 172 38 4 4 -28 7 -70 7 -114 1 -171 33 -269 149 -27 31 -68 35 -83 7z"/>
<path d="M3800 3640 c-8 -5 -18 -6 -22 -4 -4 3 -8 1 -8 -5 0 -5 5 -13 10 -16
6 -3 10 -1 10 6 0 7 8 9 23 4 12 -4 30 -7 39 -7 9 1 20 -8 23 -19 4 -10 10
-19 15 -19 5 0 7 -8 4 -17 -5 -15 -4 -16 5 -3 9 12 11 13 11 1 0 -8 3 -12 6
-9 3 4 -2 17 -10 30 -9 14 -14 28 -11 31 3 4 2 5 -1 2 -4 -2 -20 5 -35 16 -20
14 -29 16 -29 7 0 -10 -2 -10 -8 -1 -5 8 -13 9 -22 3z"/>
<path d="M3746 3598 c3 -4 -1 -8 -8 -8 -10 0 -10 -2 -1 -8 7 -5 9 -13 3 -21
-8 -15 5 -56 26 -78 10 -10 13 -9 18 3 8 21 8 24 -5 24 -5 0 -7 -5 -3 -12 4
-7 3 -8 -4 -4 -6 4 -9 13 -5 21 3 8 1 15 -4 15 -11 0 -11 36 0 46 12 12 8 31
-8 31 -8 0 -12 -4 -9 -9z"/>
<path d="M1688 3585 c-112 -41 -188 -108 -247 -217 -150 -279 -145 -273 -210
-292 -115 -34 -160 -68 -206 -156 -13 -25 -43 -54 -84 -81 -35 -23 -83 -63
-108 -88 -78 -81 -91 -138 -73 -321 l13 -127 -28 -92 c-17 -55 -33 -91 -41
-91 -21 0 -116 64 -175 118 -91 83 -132 196 -111 303 l9 46 -56 13 c-68 15
-120 41 -184 93 -27 22 -51 37 -54 34 -2 -3 -14 -45 -25 -94 -34 -149 -14
-314 54 -447 50 -97 160 -211 278 -288 111 -72 294 -157 308 -144 7 8 72 -74
76 -98 3 -11 7 -50 10 -85 8 -83 45 -151 106 -195 46 -33 47 -35 59 -111 14
-96 44 -167 86 -204 30 -26 122 -75 155 -83 49 -11 108 -59 147 -119 64 -99
85 -125 119 -147 58 -38 105 -44 293 -37 183 8 253 -1 338 -40 48 -23 117 -29
167 -15 46 13 106 57 106 78 0 21 19 13 37 -16 36 -57 84 -91 165 -117 43 -14
92 -25 107 -25 15 0 82 14 147 31 65 17 139 35 164 41 53 11 167 3 259 -19 81
-18 202 -13 249 12 19 9 58 50 88 91 49 66 60 75 106 89 28 8 67 15 85 15 46
0 84 21 126 70 40 47 81 147 71 173 -8 21 -24 22 -24 2 0 -26 -38 -124 -54
-140 -9 -9 -19 -21 -23 -28 -17 -27 -67 -49 -121 -54 -94 -8 -134 -33 -191
-116 -59 -86 -141 -118 -251 -96 -194 37 -251 43 -323 31 -39 -7 -75 -17 -81
-21 -25 -21 -180 -44 -260 -38 -124 8 -177 40 -226 137 -26 52 -45 120 -34
120 2 0 22 -9 44 -20 59 -30 156 -28 221 5 69 36 135 96 116 107 -10 5 -28 -4
-57 -31 -120 -110 -313 -83 -369 50 -32 79 -29 113 28 271 29 80 27 178 -5
178 -10 0 -12 -12 -7 -48 5 -45 3 -49 -33 -85 -54 -52 -121 -70 -239 -65 -75
3 -101 9 -150 33 -121 59 -197 175 -206 312 -3 37 2 47 43 94 43 49 48 51 82
45 31 -6 36 -11 36 -34 0 -35 31 -78 96 -136 33 -29 54 -56 57 -76 7 -31 37
-43 37 -15 0 35 -30 83 -80 125 -47 40 -80 89 -80 119 0 6 15 25 34 42 75 68
55 175 -55 291 -41 43 -53 85 -39 142 14 62 -7 80 -28 23 -28 -78 -10 -141 63
-214 27 -27 48 -61 59 -94 17 -49 17 -55 0 -90 -19 -44 -41 -54 -106 -50 -48
3 -78 -15 -104 -61 -16 -29 -100 -28 -132 2 -19 18 -22 32 -22 95 0 84 -16
122 -84 192 -38 40 -40 47 -42 110 -2 38 2 96 8 130 11 60 11 63 -17 102 -15
23 -32 41 -37 41 -4 0 -29 19 -53 41 -41 38 -45 46 -45 89 0 26 7 67 15 90 8
23 15 57 15 74 1 29 2 28 23 -20 65 -149 187 -276 302 -314 22 -7 72 -13 110
-13 60 0 80 5 139 34 62 31 132 91 170 144 37 53 86 169 106 250 34 134 32
305 -5 440 -28 107 -79 216 -129 278 l-31 39 30 24 c61 50 114 68 194 67 72 0
191 -30 215 -53 5 -5 0 -30 -13 -59 -11 -27 -21 -70 -21 -95 0 -25 -2 -46 -3
-46 -2 0 -19 8 -38 17 -37 19 -137 24 -141 8 -1 -5 26 -15 59 -21 34 -6 73
-18 86 -27 30 -19 67 -125 67 -189 0 -49 -44 -173 -83 -235 -35 -55 -35 -104
-1 -208 19 -59 24 -90 19 -122 -5 -34 -3 -43 8 -43 33 0 28 130 -8 216 -23 55
-19 81 24 164 72 138 86 226 55 344 -18 68 -15 166 7 230 17 49 55 71 144 87
107 18 189 9 265 -30 36 -18 73 -41 83 -50 17 -17 16 -20 -36 -72 -50 -51
-108 -133 -134 -189 -71 -153 -87 -230 -87 -400 0 -97 5 -153 18 -199 43 -158
139 -278 256 -319 83 -28 112 -28 200 4 199 71 345 286 394 578 l11 68 35 -43
c120 -148 107 -245 -47 -364 -128 -98 -141 -110 -165 -150 -20 -36 -23 -51
-21 -139 2 -94 1 -100 -27 -142 -44 -63 -39 -84 11 -41 40 34 49 72 47 182
l-3 101 35 41 c20 23 65 62 100 88 81 59 148 129 166 172 18 43 18 125 -1 169
-8 19 -35 59 -60 89 -58 67 -63 101 -18 129 38 25 45 51 11 41 -13 -4 -33 -13
-44 -20 -21 -13 -22 -12 -28 42 -6 47 -36 154 -61 215 -6 15 -3 16 24 5 35
-13 90 -69 135 -135 30 -43 84 -86 152 -118 50 -24 170 -144 222 -222 39 -59
72 -135 72 -168 0 -16 45 -93 64 -109 30 -27 89 -128 107 -184 29 -94 25 -154
-17 -268 -20 -54 -38 -100 -40 -102 -2 -2 -15 8 -29 22 -16 15 -22 28 -15 32
28 18 -5 205 -37 205 -11 0 -13 -5 -8 -17 4 -10 10 -55 13 -100 5 -92 -11
-138 -74 -214 -35 -42 -42 -59 -23 -59 13 0 76 68 95 103 14 26 17 28 37 14
12 -8 32 -28 43 -45 l22 -31 6 30 c9 47 42 86 84 100 75 26 221 10 327 -36
l40 -17 -55 57 c-54 56 -194 159 -276 205 -37 20 -43 28 -52 74 -15 73 -53
149 -116 232 -30 40 -61 93 -69 120 -24 77 -55 143 -89 188 -90 116 -169 188
-254 231 -40 20 -70 46 -103 88 -76 99 -105 125 -166 153 -34 16 -81 49 -110
79 -69 69 -113 88 -208 93 -69 4 -87 1 -143 -23 -57 -24 -67 -26 -82 -13 -39
33 -124 78 -178 94 -43 12 -75 15 -128 9 -68 -6 -166 -27 -186 -40 -5 -3 -22
1 -37 9 -63 32 -158 56 -223 56 -79 0 -116 -11 -188 -57 -29 -18 -56 -33 -61
-33 -4 0 -29 16 -55 36 -89 68 -217 92 -308 59z m201 -35 c62 -22 117 -58 154
-100 88 -99 157 -250 178 -389 13 -95 7 -306 -11 -361 -65 -195 -150 -309
-270 -363 -65 -29 -178 -29 -244 1 -290 131 -416 626 -247 976 97 202 274 297
440 236z m1487 -106 c95 -45 183 -169 216 -304 19 -79 16 -298 -6 -380 -21
-82 -72 -202 -110 -260 -43 -66 -144 -161 -201 -190 -42 -21 -64 -25 -140 -25
-85 0 -94 2 -141 32 -48 31 -114 101 -114 121 0 5 -7 15 -15 22 -8 6 -26 48
-42 93 -25 74 -27 96 -28 222 0 117 4 154 24 225 25 90 85 225 123 275 64 83
176 167 252 186 44 11 142 2 182 -17z m-2027 -354 c-15 -104 -8 -246 17 -345
3 -12 -2 -9 -12 9 -25 44 -39 18 -20 -38 20 -59 20 -119 1 -193 -25 -97 -10
-130 109 -230 38 -32 39 -33 31 -85 -4 -29 -7 -83 -6 -120 2 -72 -5 -92 -47
-140 -139 -157 -163 -179 -183 -173 -27 9 -59 59 -75 118 -22 81 -18 118 16
165 69 95 104 240 67 277 -20 19 -86 19 -112 -1 -26 -20 -26 -95 0 -124 24
-26 36 -16 24 20 -6 16 -9 41 -7 57 2 23 9 29 32 31 32 4 46 -10 46 -49 0 -64
-73 -209 -106 -209 -28 0 -71 59 -84 117 -19 86 -15 201 8 232 84 115 131 197
132 229 0 31 -28 7 -54 -45 -37 -78 -47 -95 -73 -122 -62 -67 -78 -172 -44
-296 25 -89 51 -132 87 -141 22 -6 24 -11 24 -68 1 -77 37 -170 80 -204 22
-17 29 -29 24 -41 -33 -78 -19 -172 32 -218 19 -18 39 -33 43 -33 4 0 18 -10
30 -22 22 -20 23 -25 17 -114 -8 -106 1 -134 56 -178 66 -53 89 -79 118 -134
31 -60 61 -88 100 -94 17 -2 26 2 28 14 2 13 -3 18 -18 18 -28 0 -66 40 -89
92 -10 24 -40 62 -67 86 -111 98 -112 99 -94 184 9 41 24 73 46 100 19 22 38
57 44 79 11 39 29 50 47 27 13 -17 33 -99 33 -138 0 -69 74 -154 155 -179 125
-38 136 -48 167 -136 51 -149 68 -167 178 -184 102 -17 284 18 265 49 -9 14
-43 12 -47 -2 -4 -10 -40 -13 -136 -13 l-131 0 -35 34 c-27 27 -42 55 -61 116
-30 98 -57 127 -140 149 -63 16 -126 55 -157 96 -11 16 -22 54 -27 100 -16
143 -88 206 -133 118 -9 -18 -19 -42 -22 -53 -4 -11 -15 -31 -26 -45 l-19 -25
-10 27 c-5 14 -30 40 -56 58 -61 42 -77 69 -77 131 1 63 19 92 127 204 42 44
84 90 92 103 9 12 19 22 24 22 9 0 72 -66 98 -102 11 -17 16 -46 16 -105 0
-76 2 -85 26 -107 32 -30 63 -46 87 -46 16 0 20 -9 25 -56 14 -136 102 -273
214 -333 114 -62 268 -68 372 -14 l58 30 -13 -26 c-42 -81 -42 -216 0 -297 31
-59 44 -151 27 -192 -30 -73 -154 -89 -291 -38 -73 27 -80 28 -305 29 -276 2
-272 1 -355 124 -30 45 -66 94 -80 108 -24 25 -124 78 -200 105 -40 14 -99 82
-118 136 -7 21 -15 69 -19 108 -6 71 -6 71 -49 99 -25 16 -59 50 -76 75 -27
39 -33 59 -36 112 -4 62 -1 71 45 160 43 85 48 102 48 160 -1 72 -41 219 -63
227 -20 8 -26 -5 -14 -30 21 -40 42 -140 42 -199 0 -49 -7 -72 -40 -136 -22
-42 -40 -72 -40 -67 0 6 -21 33 -46 60 -55 60 -94 137 -94 186 0 38 37 198 50
214 5 6 16 37 25 69 15 50 16 85 11 225 -8 182 -3 212 40 260 50 57 86 72 173
76 85 3 156 28 156 55 0 18 -2 17 -77 -11 -42 -16 -67 -20 -95 -14 l-38 7 39
23 c24 14 50 43 68 77 17 29 38 61 47 72 20 23 76 51 121 61 47 10 110 54 121
83 14 37 17 23 8 -38z"/>
<path d="M1826 3060 c-79 -70 -109 -240 -65 -377 67 -207 256 -210 315 -5 25
87 16 223 -20 292 -45 87 -87 120 -155 120 -31 0 -49 -7 -75 -30z m51 -95 c12
-8 27 -31 33 -50 10 -30 9 -41 -7 -73 -14 -29 -24 -38 -49 -40 -67 -7 -102
101 -49 153 28 29 42 31 72 10z"/>
<path d="M3065 3040 c-36 -15 -91 -84 -120 -150 -25 -56 -29 -78 -30 -160 0
-82 3 -102 25 -144 49 -96 127 -123 199 -69 46 35 66 59 86 103 9 19 20 43 26
53 16 30 26 144 17 208 -17 125 -110 198 -203 159z m20 -105 c32 -31 34 -91 4
-129 -36 -46 -102 -30 -113 27 -8 45 8 89 42 110 35 22 39 21 67 -8z"/>
<path d="M3886 3508 c5 -8 2 -9 -9 -5 -10 3 -17 2 -17 -4 0 -6 -4 -8 -9 -4 -5
3 -12 1 -15 -4 -10 -16 21 -20 43 -5 22 16 28 34 10 34 -5 0 -7 -5 -3 -12z"/>
<path d="M3800 3479 c0 -5 5 -7 10 -4 6 3 10 8 10 11 0 2 -4 4 -10 4 -5 0 -10
-5 -10 -11z"/>
<path d="M4093 2517 c1 -55 -3 -81 -16 -100 -22 -34 -32 -34 -46 1 -18 41 -87
116 -100 108 -16 -10 -14 -33 4 -40 27 -10 93 -125 105 -182 23 -108 -17 -200
-112 -260 -21 -13 -39 -24 -41 -24 -3 0 -7 25 -11 56 -9 74 -36 124 -87 159
-61 43 -112 41 -150 -5 -23 -27 -29 -44 -29 -80 0 -52 34 -134 53 -127 14 5
13 5 -9 67 -38 107 30 175 117 117 66 -44 80 -102 65 -272 -7 -67 -4 -90 13
-144 12 -35 21 -73 21 -84 0 -19 1 -19 19 -3 16 15 18 23 9 54 -6 20 -15 43
-20 50 -6 7 -13 44 -16 82 -5 69 -5 69 27 87 17 10 31 21 31 26 0 4 6 7 14 7
23 0 99 82 125 134 21 42 23 58 19 130 -5 68 -2 85 13 107 38 54 48 209 14
209 -9 0 -13 -20 -12 -73z"/>
<path d="M2486 2430 c-40 -12 -64 -38 -77 -80 -9 -31 -8 -44 6 -74 21 -43 69
-81 93 -71 14 5 11 10 -16 31 -18 14 -39 39 -48 56 -15 28 -14 33 2 64 22 40
68 59 119 50 38 -8 55 8 26 23 -23 13 -64 13 -105 1z"/>
<path d="M3024 2078 c-19 -30 -7 -96 29 -161 48 -86 49 -127 4 -172 -22 -22
-47 -36 -73 -40 -45 -7 -69 -18 -102 -45 -20 -17 -26 -36 -39 -132 -21 -164
-39 -186 -165 -204 -54 -7 -69 -34 -19 -34 l29 0 -16 -32 c-8 -18 -18 -67 -20
-110 -4 -67 -2 -78 12 -78 13 0 16 11 16 54 0 31 9 78 21 109 17 45 27 57 59
71 60 26 86 59 104 134 9 37 16 84 16 104 0 20 4 39 8 42 13 8 87 -74 114
-124 33 -65 37 -167 8 -243 -31 -82 -109 -160 -179 -178 -38 -9 -51 -17 -51
-31 0 -10 3 -18 8 -18 11 0 93 34 129 53 40 21 107 104 123 151 10 32 16 36
58 42 71 10 162 58 200 107 l33 42 66 -63 65 -64 -6 -52 c-4 -28 -21 -79 -37
-112 -52 -105 -114 -135 -289 -140 -63 -1 -117 -3 -119 -3 -2 -1 3 -8 10 -17
11 -14 31 -16 134 -11 103 4 127 8 171 30 84 42 132 108 155 217 6 27 14 50
19 50 13 0 42 -81 47 -136 7 -61 -18 -153 -53 -199 -29 -38 -30 -45 -5 -45 12
0 28 15 43 41 21 36 31 43 98 65 91 30 146 81 156 145 4 22 14 47 22 56 14 14
14 17 -4 32 -11 9 -29 35 -39 59 -10 23 -20 40 -22 38 -2 -2 1 -41 8 -87 11
-78 10 -87 -8 -119 -23 -41 -105 -100 -139 -100 -23 0 -24 2 -24 83 0 115 -25
164 -134 270 -47 45 -90 95 -96 111 -14 37 -4 82 26 122 23 29 31 54 18 54
-33 0 -88 -97 -83 -148 6 -62 -74 -153 -155 -177 -85 -26 -92 -23 -88 34 6 86
-31 170 -112 257 -31 32 -52 62 -48 66 5 5 35 15 67 23 33 9 62 20 65 24 3 4
15 13 27 20 24 12 63 83 63 113 0 16 -22 62 -79 166 -10 19 -11 33 -3 58 5 18
7 35 4 38 -9 9 -20 7 -28 -6z"/>
<path d="M2460 2062 c-53 -28 -85 -98 -84 -187 1 -71 19 -131 48 -154 26 -22
89 -25 125 -6 67 34 107 195 68 277 -36 75 -97 102 -157 70z m120 -184 c24
-26 24 -29 5 -75 -20 -47 -59 -83 -91 -83 -61 0 -118 111 -77 149 26 25 41 29
95 30 36 1 52 -4 68 -21z"/>
<path d="M3472 1737 c-12 -13 -22 -34 -22 -48 l1 -24 22 26 c48 57 94 40 127
-47 28 -76 49 -104 87 -120 45 -19 66 -17 81 7 12 19 11 20 -7 14 -35 -11 -89
20 -107 62 -33 77 -48 104 -72 128 -32 33 -81 33 -110 2z"/>
<path d="M2413 1630 c5 -21 61 -35 99 -24 30 9 27 10 -25 10 -40 0 -61 4 -68
14 -9 13 -10 13 -6 0z"/>
<path d="M2319 1618 c-6 -61 23 -123 65 -143 63 -30 173 -16 159 20 -3 10 -9
12 -17 6 -20 -16 -72 -22 -98 -12 -42 16 -75 56 -82 100 -6 38 -25 57 -27 29z"/>
<path d="M3731 1304 c0 -11 3 -14 6 -6 3 7 2 16 -1 19 -3 4 -6 -2 -5 -13z"/>
</g>
</svg>

<svg xmlns="http://www.w3.org/2000/svg" width="24" height="24" viewBox="0 0 24 24" style="fill:#fff;transform: ;msFilter:;"><path d="M4 6h16v2H4zm4 5h12v2H8zm5 5h7v2h-7z"></path></svg>
<?xml version="1.0" standalone="no"?>
<!DOCTYPE svg PUBLIC "-//W3C//DTD SVG 20010904//EN"
 "http://www.w3.org/TR/2001/REC-SVG-20010904/DTD/svg10.dtd">
<svg version="1.0" xmlns="http://www.w3.org/2000/svg"
 width="8000.000000pt" height="8000.000000pt" viewBox="0 0 8000.000000 8000.000000"
 preserveAspectRatio="xMidYMid meet">

<g transform="translate(0.000000,8000.000000) scale(0.100000,-0.100000)"
fill="#000000" stroke="none">
<path d="M24976 69899 c-422 -29 -814 -190 -1216 -499 -131 -101 -434 -407
-564 -570 -497 -622 -899 -1490 -1150 -2482 -133 -524 -215 -1043 -257 -1628
-20 -273 -17 -1049 5 -1235 2 -16 7 -66 11 -110 3 -44 8 -93 10 -110 27 -208
41 -296 71 -445 305 -1540 1256 -2805 2491 -3316 376 -156 736 -231 1138 -239
410 -8 761 53 1150 200 566 213 1104 629 1522 1175 449 588 762 1350 882 2150
11 74 23 167 26 205 4 39 8 81 11 95 22 136 29 775 10 890 -2 14 -7 66 -11
115 -27 382 -127 991 -234 1426 -416 1699 -1262 3131 -2282 3866 -405 292
-882 480 -1284 507 -188 13 -213 13 -329 5z"/>
<path d="M15115 68244 c-229 -35 -414 -93 -620 -193 -712 -348 -1266 -1101
-1598 -2171 -121 -389 -220 -873 -262 -1277 -3 -29 -7 -74 -10 -100 -48 -465
-53 -1133 -10 -1608 48 -534 123 -989 245 -1490 312 -1283 1033 -2359 2015
-3010 417 -276 796 -440 1245 -539 1093 -241 2214 119 2967 953 509 562 843
1261 993 2073 62 339 74 484 74 898 0 335 -5 458 -29 635 -40 300 -74 477
-140 734 -373 1447 -1178 2884 -2170 3876 -669 668 -1350 1070 -2034 1202
-116 22 -168 26 -356 29 -152 2 -248 -2 -310 -12z"/>
<path d="M55520 65424 c-568 -50 -1096 -282 -1619 -712 -835 -686 -1543 -1779
-2011 -3104 -263 -742 -460 -1674 -485 -2288 -3 -69 -8 -156 -10 -195 -7 -95
11 -480 30 -656 101 -919 428 -1737 964 -2409 103 -130 412 -437 546 -544 504
-401 1096 -637 1715 -685 147 -12 442 -5 590 13 624 77 1220 338 1760 771 150
120 417 378 547 529 574 667 963 1500 1134 2425 23 128 65 435 74 546 4 44 8
91 10 105 35 239 41 1162 10 1471 -3 24 -9 100 -15 169 -15 177 -46 415 -81
630 -167 1021 -514 1967 -970 2651 -485 725 -1062 1150 -1710 1258 -121 20
-380 34 -479 25z"/>
<path d="M32635 63283 c-530 -68 -1025 -332 -1490 -798 -805 -803 -1424 -2122
-1709 -3635 -32 -172 -78 -472 -91 -600 -3 -30 -8 -71 -10 -90 -41 -293 -60
-888 -42 -1280 38 -835 290 -1687 700 -2375 501 -838 1226 -1449 2033 -1714
554 -182 1129 -205 1689 -67 1425 351 2538 1708 2834 3457 56 326 65 459 65
909 0 319 -4 475 -17 625 -10 110 -19 211 -21 225 -3 14 -7 57 -11 95 -14 157
-78 570 -125 802 -162 808 -406 1527 -745 2189 -669 1309 -1594 2120 -2564
2249 -96 13 -417 18 -496 8z"/>
<path d="M65090 63190 c-580 -54 -1205 -324 -1813 -783 -1141 -860 -2160
-2305 -2702 -3832 -183 -517 -284 -979 -326 -1497 -11 -143 -7 -709 6 -823 19
-169 29 -236 51 -375 52 -313 163 -697 285 -983 517 -1210 1498 -1964 2699
-2076 103 -9 487 -7 585 4 657 74 1323 350 1887 782 762 584 1348 1418 1688
2398 215 624 388 1435 450 2110 6 66 13 140 15 165 14 134 20 377 19 720 -1
420 -11 592 -55 940 -188 1481 -795 2580 -1674 3030 -222 113 -463 188 -695
214 -98 11 -330 14 -420 6z"/>
<path d="M10010 59465 c-647 -79 -1205 -451 -1631 -1087 -448 -668 -727 -1623
-786 -2693 -14 -255 -6 -1104 12 -1135 1 -3 5 -45 9 -95 47 -638 219 -1473
437 -2128 495 -1485 1575 -2639 2872 -3068 381 -126 722 -176 1120 -166 289 7
539 46 793 122 1111 335 1953 1275 2287 2555 109 413 151 756 151 1220 -1 734
-126 1347 -436 2140 -535 1366 -1447 2646 -2463 3459 -563 450 -1121 732
-1665 841 -246 49 -483 61 -700 35z"/>
<path d="M47345 59293 c-94 -9 -279 -45 -395 -77 -457 -125 -907 -401 -1339
-821 -1005 -978 -1755 -2620 -2010 -4400 -16 -115 -37 -282 -46 -370 -8 -88
-18 -178 -20 -200 -13 -105 -17 -632 -6 -790 116 -1650 945 -3039 2186 -3657
285 -142 625 -246 965 -295 174 -25 613 -24 785 1 752 109 1420 453 1993 1025
851 849 1344 2034 1409 3391 15 293 7 934 -12 1113 -3 23 -10 98 -16 167 -104
1198 -479 2427 -1012 3315 -210 351 -408 608 -667 865 -391 389 -811 624
-1274 711 -84 16 -159 22 -306 24 -107 1 -213 0 -235 -2z"/>
<path d="M22345 57190 c-411 -23 -818 -115 -1195 -270 -863 -355 -1599 -1083
-2331 -2305 -318 -530 -477 -832 -1214 -2310 -729 -1462 -855 -1704 -1208
-2340 -396 -713 -853 -1446 -1262 -2025 -129 -183 -401 -547 -656 -880 -283
-369 -530 -797 -682 -1185 -160 -409 -248 -783 -287 -1226 -12 -147 -4 -559
14 -714 119 -983 569 -1872 1317 -2600 734 -715 1672 -1178 2684 -1324 77 -11
178 -23 225 -26 47 -4 103 -8 125 -11 65 -6 514 -5 590 1 723 61 1600 284
2345 595 445 186 754 344 1515 775 608 344 762 426 1043 552 685 307 1331 427
2052 383 343 -22 643 -65 1320 -190 865 -160 1241 -211 1725 -237 214 -12 882
-8 1045 6 80 6 172 14 205 17 33 3 74 7 90 9 17 2 57 7 90 10 108 11 478 66
585 86 916 175 1749 621 2424 1295 807 807 1294 1841 1387 2941 11 139 7 609
-6 713 -3 25 -13 97 -21 160 -117 891 -572 1753 -1275 2412 -279 261 -463 401
-904 688 -1022 663 -2015 1456 -3145 2509 -283 265 -610 581 -1355 1311 -742
728 -878 859 -1125 1091 -1122 1051 -1950 1618 -2773 1898 -434 148 -908 215
-1342 191z"/>
<path d="M69640 54104 c-880 -84 -1853 -636 -2775 -1575 -795 -810 -1454
-1814 -1879 -2867 -198 -491 -336 -1027 -381 -1482 -3 -36 -10 -108 -15 -160
-15 -155 -5 -763 14 -920 114 -915 435 -1660 970 -2252 442 -488 1051 -832
1691 -953 224 -42 308 -49 590 -49 289 0 393 9 650 60 1388 276 2656 1423
3260 2950 365 921 588 1927 644 2909 9 150 7 863 -3 920 -2 17 -7 71 -11 120
-10 150 -34 340 -66 535 -189 1137 -649 1980 -1328 2434 -275 184 -553 284
-914 331 -95 12 -314 12 -447 -1z"/>
<path d="M57165 52580 c-950 -63 -1902 -507 -3127 -1461 -419 -327 -798 -645
-1703 -1434 -1207 -1053 -1794 -1538 -2500 -2067 -766 -574 -1436 -1015 -2205
-1453 -415 -236 -648 -391 -905 -602 -913 -750 -1437 -1742 -1521 -2878 -9
-123 -9 -426 0 -560 32 -476 161 -1015 351 -1465 547 -1295 1640 -2306 2930
-2709 477 -149 1201 -273 1815 -310 297 -19 906 -11 1205 14 291 25 421 38
690 70 926 112 934 113 1235 134 179 13 684 5 845 -13 507 -58 932 -180 1392
-401 332 -159 600 -320 1288 -771 656 -430 1103 -684 1588 -903 692 -313 1512
-557 2122 -632 291 -35 755 -37 1030 -3 719 88 1360 307 1963 670 842 509
1496 1248 1863 2106 163 382 270 808 309 1233 9 100 7 628 -3 675 -3 14 -8 57
-12 95 -18 186 -89 527 -155 740 -113 369 -287 753 -496 1099 -48 77 -157 245
-243 371 -531 775 -958 1506 -1430 2445 -378 752 -673 1409 -1266 2820 -698
1662 -992 2288 -1377 2934 -291 488 -560 841 -897 1177 -249 248 -427 392
-681 551 -532 331 -1182 522 -1815 532 -99 2 -229 0 -290 -4z"/>
<path d="M25370 29107 c-3 -2 -52 -7 -110 -11 -586 -38 -1271 -222 -1850 -498
-801 -382 -1513 -989 -2037 -1738 -457 -651 -767 -1438 -882 -2240 -40 -276
-46 -377 -45 -765 0 -329 3 -404 22 -563 107 -880 385 -1636 865 -2352 320
-477 770 -947 1232 -1286 63 -46 65 -50 47 -64 -10 -8 -74 -57 -141 -109 -833
-641 -1457 -1531 -1785 -2548 -127 -393 -205 -802 -237 -1242 -13 -179 -7
-705 10 -846 5 -44 13 -109 16 -145 14 -130 67 -419 110 -595 195 -802 549
-1500 1086 -2146 135 -162 470 -497 634 -633 541 -449 1109 -764 1759 -976
367 -119 712 -189 1160 -235 90 -10 457 -23 523 -19 32 2 123 5 203 8 564 20
1211 168 1770 404 1659 701 2859 2232 3135 3998 51 329 59 446 59 829 0 386
-11 539 -60 833 -13 80 -22 147 -21 149 4 4 18199 4 18203 0 1 -1 -6 -49 -17
-106 -43 -234 -60 -446 -66 -786 -6 -353 6 -552 47 -840 216 -1483 1049 -2794
2300 -3620 736 -487 1563 -775 2435 -849 33 -3 94 -8 135 -12 183 -15 601 -7
835 17 1584 157 3009 1024 3877 2359 485 745 777 1616 835 2487 12 172 8 677
-6 828 -137 1489 -869 2813 -2055 3718 -115 87 -118 91 -99 106 11 9 75 58
142 110 350 269 728 655 997 1016 595 801 964 1800 1021 2763 10 163 10 585 1
727 -64 935 -386 1849 -923 2625 -524 754 -1259 1375 -2090 1762 -561 262
-1202 431 -1800 475 -205 15 -784 9 -955 -10 -1088 -122 -2055 -537 -2870
-1233 -148 -126 -448 -426 -574 -574 -665 -778 -1085 -1723 -1215 -2731 -36
-277 -44 -434 -38 -772 6 -363 28 -596 83 -869 l6 -28 -9106 0 c-5008 0 -9106
3 -9106 6 0 4 9 60 20 124 45 266 61 463 65 800 4 407 -12 621 -77 990 -61
350 -180 753 -322 1094 -515 1229 -1499 2235 -2711 2769 -427 188 -896 327
-1310 387 -44 6 -93 14 -110 16 -151 25 -341 37 -655 41 -196 2 -358 2 -360 0z"/>
</g>
</svg>
